 XGSE    YGSE   ZGSE    R    BXGSE   BYGSE   BZGSE   B
 [Re]    [Re]   [Re]   [Re]  [nT]    [nT]   [nT]   [nT]
   0.292   0.065   0.954   1.000   -31560.23    -3174.19   -35771.41    47809.17
   0.298   0.066   0.962   1.009   -31002.50    -3108.76   -34518.48    46501.02
   0.305   0.067   0.969   1.018   -30453.76    -3045.48   -33311.80    45236.96
   0.312   0.067   0.976   1.027   -29914.09    -2984.25   -32149.48    44015.31
   0.319   0.068   0.984   1.036   -29383.51    -2924.97   -31029.70    42834.43
   0.326   0.069   0.991   1.045   -28862.03    -2867.54   -29950.70    41692.73
   0.333   0.069   0.998   1.054   -28349.71    -2811.89   -28910.88    40588.82
   0.340   0.070   1.005   1.063   -27846.49    -2757.93   -27908.66    39521.22
   0.347   0.071   1.012   1.072   -27352.38    -2705.58   -26942.56    38488.63
   0.354   0.071   1.019   1.081   -26867.28    -2654.78   -26011.09    37489.67
   0.361   0.072   1.026   1.090   -26391.13    -2605.46   -25112.89    36523.11
   0.368   0.073   1.033   1.099   -25923.87    -2557.55   -24246.64    35587.75
   0.376   0.074   1.040   1.108   -25465.42    -2510.99   -23411.08    34682.44
   0.383   0.074   1.046   1.117   -25015.61    -2465.73   -22604.97    33806.00
   0.390   0.075   1.053   1.126   -24574.42    -2421.70   -21827.18    32957.44
   0.398   0.076   1.060   1.134   -24141.71    -2378.87   -21076.60    32135.72
   0.405   0.076   1.066   1.143   -23717.33    -2337.18   -20352.12    31339.79
   0.413   0.077   1.073   1.152   -23301.17    -2296.59   -19652.77    30568.78
   0.421   0.078   1.079   1.161   -22893.14    -2257.06   -18977.56    29821.77
   0.428   0.079   1.085   1.169   -22493.05    -2218.53   -18325.54    29097.85
   0.436   0.080   1.092   1.178   -22100.83    -2180.99   -17695.85    28396.24
   0.444   0.080   1.098   1.187   -21716.28    -2144.38   -17087.59    27716.08
   0.452   0.081   1.104   1.196   -21339.31    -2108.68   -16499.97    27056.64
   0.460   0.082   1.110   1.204   -20969.77    -2073.85   -15932.20    26417.17
   0.468   0.083   1.116   1.213   -20607.51    -2039.86   -15383.50    25796.95
   0.476   0.083   1.122   1.221   -20252.41    -2006.68   -14853.19    25195.32
   0.484   0.084   1.128   1.230   -19904.34    -1974.28   -14340.55    24611.62
   0.492   0.085   1.134   1.239   -19563.14    -1942.64   -13844.91    24045.21
   0.500   0.086   1.139   1.247   -19228.68    -1911.73   -13365.65    23495.48
   0.508   0.087   1.145   1.256   -18900.82    -1881.52   -12902.16    22961.86
   0.516   0.087   1.151   1.264   -18579.44    -1852.00   -12453.84    22443.79
   0.525   0.088   1.156   1.273   -18264.42    -1823.13   -12020.16    21940.76
   0.533   0.089   1.162   1.281   -17955.61    -1794.91   -11600.54    21452.23
   0.541   0.090   1.167   1.290   -17652.86    -1767.30   -11194.49    20977.69
   0.550   0.091   1.172   1.298   -17356.08    -1740.30   -10801.52    20516.70
   0.558   0.092   1.177   1.306   -17065.12    -1713.87   -10421.12    20068.77
   0.567   0.093   1.183   1.315   -16779.87    -1688.01   -10052.89    19633.49
   0.575   0.093   1.188   1.323   -16500.20    -1662.69    -9696.34    19210.42
   0.584   0.094   1.193   1.331   -16226.01    -1637.90    -9351.08    18799.17
   0.593   0.095   1.198   1.340   -15957.14    -1613.63    -9016.70    18399.32
   0.601   0.096   1.203   1.348   -15693.51    -1589.85    -8692.81    18010.52
   0.610   0.097   1.207   1.356   -15435.01    -1566.56    -8379.04    17632.42
   0.619   0.098   1.212   1.364   -15181.49    -1543.74    -8075.02    17264.61
   0.628   0.099   1.217   1.373   -14932.89    -1521.38    -7780.43    16906.83
   0.637   0.100   1.221   1.381   -14689.06    -1499.46    -7494.91    16558.70
   0.645   0.100   1.226   1.389   -14449.92    -1477.98    -7218.17    16219.95
   0.654   0.101   1.230   1.397   -14215.36    -1456.91    -6949.90    15890.26
   0.663   0.102   1.234   1.405   -13985.27    -1436.25    -6689.80    15569.33
   0.672   0.103   1.239   1.413   -13759.57    -1416.00    -6437.59    15256.91
   0.681   0.104   1.243   1.421   -13538.14    -1396.12    -6193.00    14952.71
   0.690   0.105   1.247   1.429   -13320.91    -1376.63    -5955.77    14656.50
   0.700   0.106   1.251   1.437   -13107.77    -1357.50    -5725.64    14368.00
   0.709   0.107   1.255   1.445   -12898.64    -1338.73    -5502.39    14086.99
   0.718   0.108   1.259   1.453   -12693.42    -1320.31    -5285.77    13813.24
   0.727   0.109   1.263   1.461   -12492.03    -1302.22    -5075.55    13546.51
   0.736   0.110   1.266   1.469   -12294.39    -1284.47    -4871.55    13286.61
   0.746   0.111   1.270   1.477   -12100.41    -1267.04    -4673.52    13033.31
   0.755   0.112   1.273   1.485   -11910.01    -1249.93    -4481.29    12786.43
   0.764   0.113   1.277   1.492   -11723.12    -1233.12    -4294.67    12545.77
   0.774   0.114   1.280   1.500   -11539.64    -1216.61    -4113.44    12311.13
   0.783   0.115   1.284   1.508   -11359.52    -1200.39    -3937.47    12082.36
   0.792   0.116   1.287   1.516   -11182.68    -1184.45    -3766.56    11859.26
   0.802   0.117   1.290   1.523   -11009.03    -1168.80    -3600.54    11641.69
   0.811   0.118   1.293   1.531   -10838.52    -1153.41    -3439.27    11429.45
   0.821   0.119   1.296   1.539   -10671.07    -1138.29    -3282.58    11222.42
   0.830   0.120   1.299   1.546   -10506.62    -1123.43    -3130.34    11020.45
   0.840   0.121   1.302   1.554   -10345.10    -1108.82    -2982.38    10823.36
   0.849   0.122   1.304   1.561   -10186.45    -1094.46    -2838.59    10631.05
   0.859   0.123   1.307   1.569   -10030.60    -1080.34    -2698.82    10443.36
   0.869   0.124   1.310   1.576    -9877.49    -1066.45    -2562.95    10260.16
   0.878   0.125   1.312   1.584    -9727.07    -1052.80    -2430.85    10081.34
   0.888   0.126   1.314   1.591    -9579.28    -1039.36    -2302.41     9906.76
   0.898   0.127   1.317   1.599    -9434.04    -1026.15    -2177.51     9736.30
   0.907   0.128   1.319   1.606    -9291.32    -1013.16    -2056.03     9569.87
   0.917   0.129   1.321   1.613    -9151.06    -1000.37    -1937.88     9407.34
   0.927   0.130   1.323   1.621    -9013.20     -987.79    -1822.95     9248.60
   0.937   0.131   1.325   1.628    -8877.69     -975.41    -1711.13     9093.56
   0.946   0.132   1.327   1.635    -8744.49     -963.22    -1602.34     8942.12
   0.956   0.133   1.328   1.642    -8613.54     -951.23    -1496.47     8794.16
   0.966   0.135   1.330   1.649    -8484.79     -939.42    -1393.44     8649.62
   0.976   0.136   1.332   1.656    -8358.20     -927.80    -1293.16     8508.39
   0.986   0.137   1.333   1.664    -8233.72     -916.36    -1195.55     8370.38
   0.995   0.138   1.335   1.671    -8111.31     -905.10    -1100.52     8235.51
   1.005   0.139   1.336   1.678    -7990.92     -894.01    -1008.00     8103.71
   1.015   0.140   1.337   1.685    -7872.50     -883.08     -917.91     7974.88
   1.025   0.141   1.338   1.692    -7756.02     -872.32     -830.17     7848.94
   1.035   0.142   1.339   1.698    -7641.43     -861.73     -744.72     7725.84
   1.045   0.143   1.340   1.705    -7528.70     -851.29     -661.49     7605.50
   1.055   0.145   1.341   1.712    -7417.79     -841.01     -580.41     7487.84
   1.065   0.146   1.342   1.719    -7308.65     -830.87     -501.41     7372.80
   1.074   0.147   1.342   1.726    -7201.25     -820.89     -424.44     7260.31
   1.084   0.148   1.343   1.732    -7095.56     -811.05     -349.43     7150.31
   1.094   0.149   1.343   1.739    -6991.53     -801.36     -276.33     7042.73
   1.104   0.150   1.344   1.746    -6889.13     -791.80     -205.07     6937.52
   1.114   0.151   1.344   1.752    -6788.33     -782.38     -135.61     6834.61
   1.124   0.152   1.344   1.759    -6689.10     -773.10      -67.89     6733.97
   1.134   0.154   1.344   1.765    -6591.40     -763.94       -1.85     6635.52
   1.144   0.155   1.344   1.772    -6495.20     -754.92       62.54     6539.22
   1.154   0.156   1.344   1.778    -6400.47     -746.02      125.34     6445.02
   1.164   0.157   1.344   1.785    -6307.17     -737.25      186.60     6352.85
   1.174   0.158   1.343   1.791    -6215.28     -728.59      246.36     6262.69
   1.184   0.159   1.343   1.797    -6124.77     -720.06      304.66     6174.47
   1.194   0.161   1.342   1.803    -6035.61     -711.64      361.56     6088.17
   1.204   0.162   1.342   1.810    -5947.78     -703.33      417.08     6003.72
   1.213   0.163   1.341   1.816    -5861.23     -695.14      471.27     5921.09
   1.223   0.164   1.340   1.822    -5775.96     -687.05      524.17     5840.25
   1.233   0.165   1.339   1.828    -5691.92     -679.08      575.81     5761.14
   1.243   0.166   1.338   1.834    -5609.10     -671.20      626.23     5683.73
   1.253   0.168   1.337   1.840    -5527.47     -663.44      675.48     5607.97
   1.263   0.169   1.336   1.846    -5447.01     -655.77      723.57     5533.85
   1.273   0.170   1.334   1.852    -5367.68     -648.20      770.55     5461.31
   1.282   0.171   1.333   1.858    -5289.48     -640.73      816.45     5390.34
   1.292   0.172   1.331   1.863    -5212.37     -633.35      861.29     5320.88
   1.302   0.174   1.330   1.869    -5136.33     -626.07      905.12     5252.91
   1.312   0.175   1.328   1.875    -5061.33     -618.88      947.95     5186.40
   1.322   0.176   1.326   1.880    -4987.37     -611.77      989.82     5121.32
   1.331   0.177   1.324   1.886    -4914.42     -604.76     1030.76     5057.64
   1.341   0.178   1.322   1.891    -4842.44     -597.83     1070.79     4995.32
   1.351   0.180   1.320   1.897    -4771.44     -590.99     1109.94     4934.35
   1.360   0.181   1.317   1.902    -4701.37     -584.23     1148.24     4874.70
   1.370   0.182   1.315   1.908    -4632.23     -577.55     1185.71     4816.33
   1.380   0.183   1.312   1.913    -4564.00     -570.95     1222.37     4759.23
   1.389   0.184   1.310   1.918    -4496.65     -564.43     1258.25     4703.36
   1.399   0.186   1.307   1.923    -4430.17     -557.98     1293.38     4648.72
   1.408   0.187   1.304   1.928    -4364.54     -551.61     1327.76     4595.26
   1.418   0.188   1.301   1.934    -4299.74     -545.32     1361.43     4542.97
   1.427   0.189   1.298   1.939    -4235.75     -539.09     1394.41     4491.83
   1.437   0.190   1.295   1.943    -4172.56     -532.94     1426.72     4441.82
   1.446   0.192   1.292   1.948    -4110.14     -526.85     1458.37     4392.91
   1.455   0.193   1.288   1.953    -4048.49     -520.84     1489.39     4345.09
   1.465   0.194   1.285   1.958    -3987.58     -514.88     1519.80     4298.34
   1.474   0.195   1.281   1.963    -3927.41     -509.00     1549.61     4252.64
   1.483   0.196   1.278   1.967    -3867.95     -503.18     1578.84     4207.96
   1.492   0.198   1.274   1.972    -3809.18     -497.42     1607.52     4164.30
   1.501   0.199   1.270   1.976    -3751.09     -491.72     1635.65     4121.63
   1.510   0.200   1.266   1.981    -3693.68     -486.08     1663.25     4079.95
   1.519   0.201   1.262   1.985    -3636.91     -480.50     1690.35     4039.22
   1.528   0.202   1.258   1.990    -3580.79     -474.98     1716.95     3999.44
   1.537   0.203   1.253   1.994    -3525.28     -469.51     1743.08     3960.60
   1.546   0.205   1.249   1.998    -3470.39     -464.10     1768.73     3922.68
   1.555   0.206   1.244   2.002    -3416.09     -458.74     1793.95     3885.66
   1.564   0.207   1.240   2.006    -3362.37     -453.43     1818.73     3849.53
   1.572   0.208   1.235   2.010    -3309.21     -448.18     1843.08     3814.28
   1.581   0.209   1.230   2.014    -3256.62     -442.97     1867.04     3779.89
   1.590   0.211   1.225   2.018    -3204.56     -437.82     1890.59     3746.36
   1.598   0.212   1.220   2.022    -3153.03     -432.71     1913.77     3713.67
   1.607   0.213   1.215   2.025    -3102.01     -427.65     1936.58     3681.80
   1.615   0.214   1.209   2.029    -3051.49     -422.64     1959.03     3650.76
   1.623   0.215   1.204   2.032    -3001.47     -417.67     1981.15     3620.52
   1.632   0.216   1.198   2.036    -2951.92     -412.74     2002.93     3591.08
   1.640   0.217   1.193   2.039    -2902.83     -407.86     2024.39     3562.43
   1.648   0.219   1.187   2.043    -2854.20     -403.02     2045.54     3534.55
   1.656   0.220   1.181   2.046    -2806.00     -398.21     2066.39     3507.45
   1.664   0.221   1.175   2.049    -2758.24     -393.45     2086.96     3481.11
   1.672   0.222   1.169   2.052    -2710.89     -388.73     2107.25     3455.51
   1.680   0.223   1.163   2.055    -2663.95     -384.04     2127.28     3430.66
   1.687   0.224   1.157   2.058    -2617.39     -379.39     2147.05     3406.54
   1.695   0.225   1.150   2.061    -2571.23     -374.78     2166.57     3383.15
   1.703   0.226   1.144   2.064    -2525.42     -370.19     2185.86     3360.47
   1.710   0.228   1.137   2.066    -2479.98     -365.65     2204.92     3338.52
   1.717   0.229   1.131   2.069    -2434.89     -361.13     2223.76     3317.26
   1.725   0.230   1.124   2.071    -2390.14     -356.65     2242.40     3296.71
   1.732   0.231   1.117   2.074    -2345.71     -352.20     2260.83     3276.85
   1.739   0.232   1.110   2.076    -2301.59     -347.77     2279.07     3257.67
   1.746   0.233   1.103   2.078    -2257.78     -343.38     2297.13     3239.18
   1.753   0.234   1.096   2.081    -2214.27     -339.01     2315.01     3221.36
   1.760   0.235   1.089   2.083    -2171.03     -334.67     2332.73     3204.21
   1.767   0.236   1.081   2.085    -2128.07     -330.35     2350.28     3187.73
   1.773   0.237   1.074   2.087    -2085.37     -326.06     2367.69     3171.91
   1.780   0.238   1.066   2.088    -2042.92     -321.79     2384.95     3156.75
   1.786   0.239   1.059   2.090    -2000.71     -317.55     2402.07     3142.23
   1.792   0.240   1.051   2.092    -1958.73     -313.33     2419.06     3128.37
   1.799   0.241   1.043   2.093    -1916.97     -309.12     2435.94     3115.15
   1.805   0.242   1.036   2.095    -1875.42     -304.94     2452.69     3102.56
   1.811   0.243   1.028   2.096    -1834.07     -300.78     2469.34     3090.62
   1.817   0.244   1.020   2.097    -1792.91     -296.63     2485.88     3079.31
   1.822   0.245   1.011   2.099    -1751.93     -292.50     2502.33     3068.62
   1.828   0.246   1.003   2.100    -1711.11     -288.39     2518.68     3058.57
   1.834   0.247   0.995   2.101    -1670.46     -284.29     2534.96     3049.14
   1.839   0.248   0.987   2.102    -1629.95     -280.21     2551.15     3040.33
   1.844   0.249   0.978   2.102    -1589.58     -276.13     2567.28     3032.15
   1.849   0.250   0.970   2.103    -1549.33     -272.08     2583.33     3024.58
   1.855   0.251   0.961   2.104    -1509.21     -268.03     2599.33     3017.62
   1.859   0.251   0.952   2.104    -1469.19     -263.99     2615.27     3011.28
   1.864   0.252   0.944   2.105    -1429.26     -259.96     2631.16     3005.56
   1.869   0.253   0.935   2.105    -1389.43     -255.94     2647.00     3000.44
   1.874   0.254   0.926   2.105    -1349.67     -251.93     2662.81     2995.93
   1.878   0.255   0.917   2.105    -1309.98     -247.92     2678.58     2992.03
   1.882   0.256   0.908   2.106    -1270.34     -243.92     2694.31     2988.74
   1.886   0.257   0.899   2.105    -1230.75     -239.92     2710.03     2986.06
   1.891   0.257   0.890   2.105    -1191.19     -235.92     2725.72     2983.98
   1.894   0.258   0.881   2.105    -1151.66     -231.93     2741.39     2982.51
   1.898   0.259   0.872   2.105    -1112.14     -227.94     2757.05     2981.64
   1.902   0.260   0.862   2.104    -1072.63     -223.95     2772.71     2981.38
   1.905   0.260   0.853   2.104    -1033.11     -219.95     2788.36     2981.72
   1.909   0.261   0.844   2.103     -993.58     -215.96     2804.01     2982.67
   1.912   0.262   0.834   2.103     -954.02     -211.96     2819.66     2984.22
   1.915   0.263   0.825   2.102     -914.42     -207.96     2835.32     2986.38
   1.918   0.263   0.815   2.101     -874.78     -203.95     2850.99     2989.15
   1.921   0.264   0.806   2.100     -835.07     -199.94     2866.68     2992.52
   1.924   0.265   0.796   2.099     -795.30     -195.92     2882.38     2996.50
   1.926   0.265   0.786   2.098     -755.45     -191.89     2898.11     3001.09
   1.929   0.266   0.777   2.096     -715.50     -187.85     2913.86     3006.29
   1.931   0.266   0.767   2.095     -675.45     -183.80     2929.64     3012.11
   1.933   0.267   0.757   2.093     -635.29     -179.74     2945.44     3018.53
   1.935   0.268   0.748   2.092     -595.01     -175.66     2961.28     3025.58
   1.937   0.268   0.738   2.090     -554.60     -171.57     2977.16     3033.23
   1.939   0.269   0.728   2.089     -514.03     -167.47     2993.08     3041.51
   1.941   0.269   0.718   2.087     -473.31     -163.35     3009.03     3050.41
   1.942   0.270   0.708   2.085     -432.42     -159.21     3025.04     3059.93
   1.943   0.270   0.698   2.083     -391.35     -155.05     3041.08     3070.08
   1.945   0.271   0.688   2.081     -350.09     -150.88     3057.18     3080.86
   1.946   0.271   0.678   2.078     -308.63     -146.68     3073.33     3092.26
   1.947   0.272   0.669   2.076     -266.95     -142.46     3089.53     3104.31
   1.947   0.272   0.659   2.074     -225.04     -138.21     3105.78     3116.99
   1.948   0.273   0.649   2.071     -182.90     -133.94     3122.10     3130.32
   1.949   0.273   0.639   2.069     -140.51     -129.65     3138.46     3144.28
   1.949   0.274   0.629   2.066      -97.85     -125.32     3154.90     3158.90
   1.949   0.274   0.619   2.063      -54.92     -120.97     3171.39     3174.17
   1.949   0.274   0.609   2.061      -11.70     -116.59     3187.95     3190.10
   1.949   0.275   0.599   2.058       31.83     -112.18     3204.57     3206.69
   1.949   0.275   0.589   2.055       75.66     -107.73     3221.26     3223.95
   1.949   0.275   0.579   2.052      119.82     -103.25     3238.02     3241.88
   1.948   0.276   0.569   2.048      164.31      -98.73     3254.84     3260.48
   1.948   0.276   0.559   2.045      209.16      -94.17     3271.74     3279.77
   1.947   0.276   0.549   2.042      254.38      -89.58     3288.70     3299.74
   1.946   0.276   0.539   2.038      299.97      -84.95     3305.74     3320.41
   1.945   0.277   0.529   2.035      345.95      -80.27     3322.85     3341.78
   1.944   0.277   0.519   2.031      392.35      -75.56     3340.04     3363.85
   1.943   0.277   0.509   2.028      439.16      -70.79     3357.29     3386.63
   1.942   0.277   0.499   2.024      486.40      -65.99     3374.62     3410.14
   1.940   0.278   0.489   2.020      534.10      -61.13     3392.03     3434.37
   1.939   0.278   0.479   2.016      582.25      -56.23     3409.51     3459.33
   1.937   0.278   0.469   2.012      630.89      -51.27     3427.07     3485.03
   1.935   0.278   0.460   2.008      680.01      -46.26     3444.70     3511.49
   1.933   0.278   0.450   2.004      729.65      -41.20     3462.41     3538.69
   1.931   0.278   0.440   2.000      779.81      -36.08     3480.19     3566.67
   1.929   0.278   0.430   1.995      830.51      -30.90     3498.05     3595.42
   1.926   0.278   0.421   1.991      881.76      -25.67     3515.98     3624.95
   1.924   0.278   0.411   1.987      933.58      -20.37     3533.98     3655.27
   1.921   0.279   0.401   1.982      985.99      -15.02     3552.07     3686.41
   1.918   0.279   0.392   1.978     1039.01       -9.59     3570.22     3718.35
   1.915   0.279   0.382   1.973     1092.65       -4.10     3588.45     3751.11
   1.913   0.279   0.373   1.968     1146.92        1.45     3606.74     3784.71
   1.909   0.279   0.363   1.963     1201.85        7.08     3625.11     3819.15
   1.906   0.279   0.354   1.959     1257.46       12.78     3643.54     3854.45
   1.903   0.279   0.344   1.954     1313.75       18.55     3662.05     3890.62
   1.899   0.278   0.335   1.949     1370.76       24.40     3680.62     3927.66
   1.896   0.278   0.325   1.944     1428.49       30.33     3699.26     3965.60
   1.892   0.278   0.316   1.939     1486.97       36.34     3717.96     4004.45
   1.888   0.278   0.307   1.933     1546.22       42.43     3736.72     4044.22
   1.885   0.278   0.298   1.928     1606.26       48.60     3755.55     4084.92
   1.881   0.278   0.288   1.923     1667.10       54.86     3774.42     4126.56
   1.877   0.278   0.279   1.917     1728.77       61.22     3793.36     4169.17
   1.872   0.278   0.270   1.912     1791.29       67.66     3812.35     4212.76
   1.868   0.278   0.261   1.907     1854.68       74.19     3831.39     4257.33
   1.864   0.277   0.252   1.901     1918.96       80.82     3850.48     4302.92
   1.859   0.277   0.243   1.895     1984.15       87.55     3869.61     4349.53
   1.855   0.277   0.234   1.890     2050.28       94.38     3888.79     4397.19
   1.850   0.277   0.226   1.884     2117.37      101.31     3908.00     4445.90
   1.845   0.276   0.217   1.878     2185.44      108.35     3927.26     4495.69
   1.840   0.276   0.208   1.872     2254.52      115.50     3946.54     4546.58
   1.835   0.276   0.200   1.866     2324.62      122.76     3965.85     4598.58
   1.830   0.276   0.191   1.860     2395.78      130.13     3985.19     4651.72
   1.825   0.275   0.182   1.854     2468.03      137.62     4004.55     4706.01
   1.819   0.275   0.174   1.848     2541.38      145.23     4023.93     4761.48
   1.814   0.275   0.165   1.842     2615.86      152.96     4043.31     4818.14
   1.809   0.274   0.157   1.836     2691.50      160.81     4062.70     4876.02
   1.803   0.274   0.149   1.830     2768.33      168.79     4082.10     4935.14
   1.797   0.274   0.141   1.824     2846.37      176.90     4101.49     4995.53
   1.792   0.273   0.132   1.817     2925.66      185.15     4120.87     5057.21
   1.786   0.273   0.124   1.811     3006.22      193.54     4140.24     5120.20
   1.780   0.273   0.116   1.804     3088.09      202.06     4159.59     5184.52
   1.774   0.272   0.108   1.798     3171.28      210.73     4178.90     5250.21
   1.768   0.272   0.100   1.791     3255.85      219.54     4198.19     5317.28
   1.762   0.271   0.092   1.785     3341.81      228.51     4217.43     5385.78
   1.755   0.271   0.085   1.778     3429.19      237.63     4236.63     5455.72
   1.749   0.271   0.077   1.772     3518.04      246.91     4255.77     5527.13
   1.743   0.270   0.069   1.765     3608.39      256.34     4274.84     5600.04
   1.736   0.270   0.062   1.758     3700.26      265.95     4293.85     5674.49
   1.730   0.269   0.054   1.751     3793.71      275.72     4312.77     5750.50
   1.723   0.269   0.047   1.744     3888.75      285.66     4331.60     5828.10
   1.716   0.268   0.039   1.738     3985.44      295.78     4350.34     5907.34
   1.710   0.268   0.032   1.731     4083.80      306.08     4368.96     5988.23
   1.703   0.267   0.025   1.724     4183.87      316.56     4387.46     6070.82
   1.696   0.267   0.017   1.717     4285.70      327.23     4405.84     6155.14
   1.689   0.266   0.010   1.710     4389.33      338.09     4424.07     6241.23
   1.682   0.266   0.003   1.703     4494.79      349.15     4442.15     6329.12
   1.675   0.265  -0.004   1.695     4602.13      360.41     4460.07     6418.86
   1.667   0.264  -0.011   1.688     4711.39      371.88     4477.80     6510.47
   1.660   0.264  -0.017   1.681     4822.62      383.55     4495.35     6604.01
   1.653   0.263  -0.024   1.674     4935.86      395.44     4512.69     6699.51
   1.645   0.263  -0.031   1.666     5051.14      407.55     4529.81     6797.01
   1.638   0.262  -0.038   1.659     5168.54      419.89     4546.70     6896.56
   1.630   0.261  -0.044   1.652     5288.08      432.45     4563.34     6998.21
   1.623   0.261  -0.051   1.644     5409.83      445.24     4579.71     7101.99
   1.615   0.260  -0.057   1.637     5533.82      458.28     4595.80     7207.95
   1.607   0.260  -0.063   1.629     5660.10      471.56     4611.59     7316.14
   1.600   0.259  -0.070   1.622     5788.74      485.08     4627.06     7426.61
   1.592   0.258  -0.076   1.614     5919.79      498.86     4642.20     7539.42
   1.584   0.258  -0.082   1.607     6053.30      512.90     4656.98     7654.60
   1.576   0.257  -0.088   1.599     6189.31      527.21     4671.38     7772.21
   1.568   0.256  -0.094   1.592     6327.90      541.79     4685.39     7892.32
   1.560   0.256  -0.100   1.584     6469.11      556.64     4698.97     8014.96
   1.552   0.255  -0.106   1.576     6613.02      571.77     4712.12     8140.21
   1.544   0.254  -0.111   1.568     6759.66      587.20     4724.79     8268.10
   1.536   0.253  -0.117   1.561     6909.11      602.91     4736.98     8398.71
   1.527   0.253  -0.123   1.553     7061.44      618.93     4748.65     8532.09
   1.519   0.252  -0.128   1.545     7216.69      635.25     4759.77     8668.31
   1.511   0.251  -0.134   1.537     7374.94      651.88     4770.32     8807.42
   1.502   0.251  -0.139   1.529     7536.25      668.83     4780.28     8949.49
   1.494   0.250  -0.144   1.521     7700.69      686.10     4789.60     9094.60
   1.485   0.249  -0.150   1.513     7868.32      703.70     4798.27     9242.79
   1.477   0.248  -0.155   1.505     8039.23      721.64     4806.24     9394.14
   1.468   0.247  -0.160   1.497     8213.46      739.92     4813.49     9548.72
   1.460   0.247  -0.165   1.489     8391.11      758.54     4819.98     9706.61
   1.451   0.246  -0.170   1.481     8572.23      777.53     4825.67     9867.87
   1.442   0.245  -0.175   1.473     8756.91      796.87     4830.53    10032.57
   1.433   0.244  -0.179   1.465     8945.21      816.58     4834.53    10200.80
   1.425   0.244  -0.184   1.457     9137.21      836.66     4837.60    10372.61
   1.416   0.243  -0.189   1.449     9332.98      857.12     4839.74    10548.10
   1.407   0.242  -0.193   1.441     9532.62      877.97     4840.88    10727.34
   1.398   0.241  -0.198   1.432     9736.19      899.21     4840.99    10910.42
   1.389   0.240  -0.202   1.424     9943.76      920.85     4840.01    11097.39
   1.380   0.239  -0.206   1.416    10155.43      942.89     4837.91    11288.36
   1.371   0.239  -0.211   1.408    10371.26      965.35     4834.63    11483.41
   1.362   0.238  -0.215   1.399    10591.35      988.21     4830.13    11682.61
   1.353   0.237  -0.219   1.391    10815.76     1011.50     4824.36    11886.05
   1.344   0.236  -0.223   1.383    11044.58     1035.21     4817.26    12093.82
   1.335   0.235  -0.227   1.374    11277.88     1059.36     4808.78    12305.99
   1.326   0.234  -0.231   1.366    11515.76     1083.94     4798.86    12522.65
   1.316   0.233  -0.235   1.357    11758.28     1108.96     4787.45    12743.89
   1.307   0.233  -0.238   1.349    12005.52     1134.42     4774.49    12969.78
   1.298   0.232  -0.242   1.340    12257.57     1160.33     4759.93    13200.43
   1.288   0.231  -0.246   1.332    12514.50     1186.68     4743.68    13435.90
   1.279   0.230  -0.249   1.323    12776.37     1213.50     4725.72    13676.28
   1.270   0.229  -0.252   1.315    13043.28     1240.76     4705.95    13921.66
   1.260   0.228  -0.256   1.306    13315.27     1268.48     4684.33    14172.10
   1.251   0.227  -0.259   1.298    13592.43     1296.66     4660.78    14427.70
   1.242   0.226  -0.262   1.289    13874.82     1325.29     4635.25    14688.52
   1.232   0.225  -0.265   1.280    14162.49     1354.38     4607.65    14954.63
   1.223   0.225  -0.268   1.272    14455.50     1383.92     4577.94    15226.11
   1.213   0.224  -0.271   1.263    14753.92     1413.90     4546.03    15503.02
   1.204   0.223  -0.274   1.254    15057.76     1444.33     4511.87    15785.41
   1.194   0.222  -0.277   1.246    15367.08     1475.19     4475.39    16073.35
   1.184   0.221  -0.280   1.237    15681.90     1506.48     4436.53    16366.87
   1.175   0.220  -0.283   1.228    16002.28     1538.20     4395.20    16666.04
   1.165   0.219  -0.285   1.219    16328.18     1570.31     4351.37    16970.85
   1.156   0.218  -0.288   1.211    16659.64     1602.82     4304.97    17281.36
   1.146   0.217  -0.290   1.202    16996.64     1635.70     4255.93    17597.56
   1.136   0.216  -0.293   1.193    17339.16     1668.94     4204.22    17919.46
   1.127   0.215  -0.295   1.184    17687.16     1702.51     4149.77    18247.05
   1.117   0.214  -0.297   1.175    18040.60     1736.38     4092.56    18580.30
   1.107   0.213  -0.299   1.167    18399.42     1770.54     4032.54    18919.17
   1.098   0.212  -0.301   1.158    18763.51     1804.94     3969.69    19263.58
   1.088   0.212  -0.303   1.149    19132.79     1839.54     3903.98    19613.48
   1.078   0.211  -0.305   1.140    19507.09     1874.30     3835.42    19968.73
   1.068   0.210  -0.307   1.131    19886.28     1909.19     3764.03    20329.22
   1.058   0.209  -0.309   1.122    20270.15     1944.12     3689.80    20694.77
   1.049   0.208  -0.311   1.113    20658.52     1979.05     3612.80    21065.22
   1.039   0.207  -0.312   1.104    21051.10     2013.90     3533.07    21440.32
   1.029   0.206  -0.314   1.095    21447.63     2048.61     3450.73    21819.84
   1.019   0.205  -0.316   1.086    21847.76     2083.06     3365.85    22203.45
   1.009   0.204  -0.317   1.077    22251.16     2117.18     3278.61    22590.83
   0.999   0.203  -0.319   1.068    22657.36     2150.83     3189.18    22981.58
   0.990   0.202  -0.320   1.059    23065.90     2183.92     3097.80    23375.24
   0.980   0.201  -0.321   1.050    23476.26     2216.27     3004.72    23771.30
   0.970   0.200  -0.322   1.041    23887.84     2247.75     2910.27    24169.22
   0.960   0.199  -0.324   1.032    24300.01     2278.17     2814.86    24568.35
   0.950   0.198  -0.325   1.023    24712.02     2307.33     2718.94    24967.99
   0.940   0.198  -0.326   1.014    25123.11     2335.02     2623.04    25367.36
   0.930   0.197  -0.327   1.005    25532.38     2360.97     2527.81    25765.61
   0.924   0.196  -0.327   1.000    25775.14     2375.55     2471.74    26002.13
