 XGSM    YGSM   ZGSM    R    BXGSM   BYGSM   BZGSM   B
 [Re]    [Re]   [Re]   [Re]  [nT]    [nT]   [nT]   [nT]
   0.292   0.166   0.942   1.000   -31560.23    -6964.87   -35230.10    47809.17
   0.298   0.168   0.949   1.009   -31002.50    -6766.41   -33991.26    46501.02
   0.305   0.169   0.957   1.018   -30453.76    -6575.01   -32798.18    45236.96
   0.312   0.171   0.964   1.027   -29914.09    -6390.37   -31648.98    44015.31
   0.319   0.172   0.971   1.036   -29383.51    -6212.20   -30541.88    42834.43
   0.326   0.174   0.978   1.045   -28862.03    -6040.21   -29475.13    41692.73
   0.333   0.175   0.985   1.054   -28349.71    -5874.16   -28447.15    40588.82
   0.340   0.177   0.992   1.063   -27846.50    -5713.80   -27456.37    39521.22
   0.347   0.178   0.999   1.072   -27352.38    -5558.89   -26501.33    38488.63
   0.354   0.179   1.006   1.081   -26867.28    -5409.20   -25580.56    37489.67
   0.361   0.181   1.013   1.090   -26391.13    -5264.52   -24692.73    36523.11
   0.368   0.182   1.019   1.099   -25923.87    -5124.64   -23836.50    35587.75
   0.376   0.184   1.026   1.108   -25465.42    -4989.38   -23010.65    34682.44
   0.383   0.185   1.033   1.117   -25015.62    -4858.55   -22213.94    33806.00
   0.390   0.187   1.039   1.126   -24574.42    -4731.96   -21445.26    32957.44
   0.398   0.188   1.046   1.134   -24141.71    -4609.46   -20703.50    32135.72
   0.405   0.190   1.052   1.143   -23717.33    -4490.87   -19987.58    31339.79
   0.413   0.191   1.058   1.152   -23301.18    -4376.05   -19296.53    30568.78
   0.421   0.192   1.065   1.161   -22893.14    -4264.84   -18629.36    29821.77
   0.428   0.194   1.071   1.169   -22493.05    -4157.12   -17985.15    29097.85
   0.436   0.195   1.077   1.178   -22100.83    -4052.74   -17363.04    28396.24
   0.444   0.197   1.083   1.187   -21716.28    -3951.57   -16762.13    27716.08
   0.452   0.198   1.089   1.196   -21339.32    -3853.51   -16181.66    27056.64
   0.460   0.200   1.095   1.204   -20969.77    -3758.42   -15620.82    26417.17
   0.468   0.201   1.101   1.213   -20607.51    -3666.20   -15078.86    25796.95
   0.476   0.202   1.107   1.221   -20252.41    -3576.75   -14555.10    25195.32
   0.484   0.204   1.112   1.230   -19904.34    -3489.95   -14048.82    24611.62
   0.492   0.205   1.118   1.239   -19563.14    -3405.72   -13559.37    24045.21
   0.500   0.207   1.124   1.247   -19228.68    -3323.95   -13086.13    23495.48
   0.508   0.208   1.129   1.256   -18900.82    -3244.57   -12628.48    22961.86
   0.516   0.209   1.135   1.264   -18579.44    -3167.48   -12185.86    22443.79
   0.525   0.211   1.140   1.273   -18264.42    -3092.60   -11757.72    21940.76
   0.533   0.212   1.145   1.281   -17955.61    -3019.86   -11343.49    21452.23
   0.541   0.214   1.151   1.290   -17652.86    -2949.18   -10942.68    20977.69
   0.550   0.215   1.156   1.298   -17356.08    -2880.48   -10554.82    20516.70
   0.558   0.217   1.161   1.306   -17065.12    -2813.71   -10179.40    20068.77
   0.567   0.218   1.166   1.315   -16779.87    -2748.78    -9816.01    19633.49
   0.575   0.219   1.171   1.323   -16500.20    -2685.65    -9464.19    19210.42
   0.584   0.221   1.176   1.331   -16226.01    -2624.24    -9123.54    18799.17
   0.593   0.222   1.181   1.340   -15957.14    -2564.50    -8793.63    18399.32
   0.601   0.223   1.185   1.348   -15693.51    -2506.37    -8474.11    18010.52
   0.610   0.225   1.190   1.356   -15435.01    -2449.81    -8164.61    17632.42
   0.619   0.226   1.195   1.364   -15181.49    -2394.75    -7864.75    17264.61
   0.628   0.228   1.199   1.373   -14932.89    -2341.15    -7574.21    16906.83
   0.637   0.229   1.204   1.381   -14689.06    -2288.95    -7292.66    16558.70
   0.645   0.230   1.208   1.389   -14449.92    -2238.12    -7019.78    16219.95
   0.654   0.232   1.212   1.397   -14215.36    -2188.61    -6755.27    15890.26
   0.663   0.233   1.217   1.405   -13985.27    -2140.38    -6498.85    15569.33
   0.672   0.235   1.221   1.413   -13759.57    -2093.38    -6250.23    15256.91
   0.681   0.236   1.225   1.421   -13538.14    -2047.58    -6009.14    14952.71
   0.690   0.237   1.229   1.429   -13320.91    -2002.94    -5775.33    14656.50
   0.700   0.239   1.233   1.437   -13107.77    -1959.42    -5548.56    14368.00
   0.709   0.240   1.236   1.445   -12898.64    -1916.98    -5328.57    14086.99
   0.718   0.241   1.240   1.453   -12693.42    -1875.60    -5115.14    13813.24
   0.727   0.243   1.244   1.461   -12492.03    -1835.24    -4908.05    13546.51
   0.736   0.244   1.247   1.469   -12294.39    -1795.86    -4707.10    13286.61
   0.746   0.245   1.251   1.477   -12100.41    -1757.45    -4512.05    13033.31
   0.755   0.247   1.254   1.485   -11910.02    -1719.96    -4322.74    12786.43
   0.764   0.248   1.258   1.492   -11723.12    -1683.38    -4138.96    12545.77
   0.774   0.249   1.261   1.500   -11539.64    -1647.66    -3960.52    12311.13
   0.783   0.251   1.264   1.508   -11359.52    -1612.80    -3787.28    12082.36
   0.792   0.252   1.267   1.516   -11182.68    -1578.76    -3619.03    11859.26
   0.802   0.253   1.270   1.523   -11009.03    -1545.52    -3455.63    11641.69
   0.811   0.255   1.273   1.531   -10838.52    -1513.05    -3296.91    11429.45
   0.821   0.256   1.276   1.539   -10671.07    -1481.33    -3142.72    11222.42
   0.830   0.257   1.279   1.546   -10506.62    -1450.34    -2992.93    11020.45
   0.840   0.259   1.281   1.554   -10345.10    -1420.07    -2847.37    10823.36
   0.849   0.260   1.284   1.561   -10186.45    -1390.47    -2705.92    10631.05
   0.859   0.261   1.287   1.569   -10030.60    -1361.55    -2568.45    10443.36
   0.869   0.263   1.289   1.576    -9877.49    -1333.28    -2434.83    10260.16
   0.878   0.264   1.291   1.584    -9727.07    -1305.63    -2304.94    10081.34
   0.888   0.265   1.294   1.591    -9579.28    -1278.60    -2178.66     9906.76
   0.898   0.267   1.296   1.599    -9434.04    -1252.17    -2055.87     9736.30
   0.907   0.268   1.298   1.606    -9291.32    -1226.31    -1936.47     9569.87
   0.917   0.269   1.300   1.613    -9151.06    -1201.02    -1820.35     9407.34
   0.927   0.270   1.302   1.621    -9013.20    -1176.27    -1707.41     9248.60
   0.937   0.272   1.303   1.628    -8877.69    -1152.05    -1597.55     9093.56
   0.946   0.273   1.305   1.635    -8744.49    -1128.35    -1490.67     8942.12
   0.956   0.274   1.307   1.642    -8613.54    -1105.16    -1386.68     8794.16
   0.966   0.275   1.308   1.649    -8484.79    -1082.45    -1285.49     8649.62
   0.976   0.277   1.310   1.656    -8358.21    -1060.22    -1187.03     8508.39
   0.986   0.278   1.311   1.664    -8233.72    -1038.45    -1091.18     8370.38
   0.995   0.279   1.312   1.671    -8111.31    -1017.13     -997.89     8235.51
   1.005   0.280   1.313   1.678    -7990.92     -996.25     -907.08     8103.71
   1.015   0.282   1.315   1.685    -7872.50     -975.80     -818.66     7974.88
   1.025   0.283   1.316   1.692    -7756.02     -955.76     -732.57     7848.94
   1.035   0.284   1.316   1.698    -7641.43     -936.12     -648.74     7725.84
   1.045   0.285   1.317   1.705    -7528.70     -916.88     -567.09     7605.50
   1.055   0.286   1.318   1.712    -7417.79     -898.02     -487.56     7487.84
   1.065   0.288   1.319   1.719    -7308.65     -879.54     -410.10     7372.80
   1.074   0.289   1.319   1.726    -7201.25     -861.42     -334.62     7260.31
   1.084   0.290   1.319   1.732    -7095.56     -843.65     -261.09     7150.31
   1.094   0.291   1.320   1.739    -6991.53     -826.22     -189.43     7042.73
   1.104   0.292   1.320   1.746    -6889.13     -809.14     -119.60     6937.52
   1.114   0.294   1.320   1.752    -6788.33     -792.37      -51.54     6834.61
   1.124   0.295   1.320   1.759    -6689.10     -775.93       14.81     6733.97
   1.134   0.296   1.320   1.765    -6591.40     -759.80       79.50     6635.52
   1.144   0.297   1.320   1.772    -6495.20     -743.97      142.56     6539.22
   1.154   0.298   1.320   1.778    -6400.47     -728.43      204.06     6445.02
   1.164   0.299   1.319   1.785    -6307.17     -713.19      264.04     6352.85
   1.174   0.300   1.319   1.791    -6215.29     -698.22      322.54     6262.69
   1.184   0.301   1.318   1.797    -6124.77     -683.52      379.60     6174.47
   1.194   0.303   1.318   1.803    -6035.61     -669.09      435.27     6088.17
   1.204   0.304   1.317   1.810    -5947.78     -654.93      489.59     6003.72
   1.213   0.305   1.316   1.816    -5861.23     -641.01      542.60     5921.09
   1.223   0.306   1.315   1.822    -5775.96     -627.34      594.34     5840.25
   1.233   0.307   1.314   1.828    -5691.92     -613.91      644.84     5761.14
   1.243   0.308   1.313   1.834    -5609.10     -600.71      694.14     5683.73
   1.253   0.309   1.311   1.840    -5527.47     -587.74      742.28     5607.97
   1.263   0.310   1.310   1.846    -5447.01     -575.00      789.28     5533.85
   1.273   0.311   1.309   1.852    -5367.68     -562.47      835.19     5461.31
   1.282   0.312   1.307   1.858    -5289.48     -550.15      880.03     5390.34
   1.292   0.313   1.305   1.863    -5212.37     -538.05      923.83     5320.88
   1.302   0.314   1.304   1.869    -5136.33     -526.14      966.63     5252.91
   1.312   0.315   1.302   1.875    -5061.34     -514.43     1008.46     5186.40
   1.322   0.316   1.300   1.880    -4987.37     -502.91     1049.34     5121.32
   1.331   0.317   1.298   1.886    -4914.42     -491.57     1089.29     5057.64
   1.341   0.318   1.295   1.891    -4842.44     -480.42     1128.36     4995.32
   1.351   0.319   1.293   1.897    -4771.44     -469.45     1166.56     4934.35
   1.360   0.320   1.291   1.902    -4701.37     -458.65     1203.92     4874.70
   1.370   0.321   1.288   1.908    -4632.23     -448.02     1240.46     4816.33
   1.380   0.322   1.285   1.913    -4564.00     -437.55     1276.21     4759.23
   1.389   0.323   1.283   1.918    -4496.65     -427.25     1311.20     4703.36
   1.399   0.324   1.280   1.923    -4430.17     -417.10     1345.43     4648.72
   1.408   0.325   1.277   1.928    -4364.54     -407.11     1378.94     4595.26
   1.418   0.325   1.274   1.934    -4299.74     -397.26     1411.76     4542.97
   1.427   0.326   1.271   1.939    -4235.75     -387.56     1443.88     4491.83
   1.437   0.327   1.267   1.943    -4172.56     -378.00     1475.35     4441.82
   1.446   0.328   1.264   1.948    -4110.14     -368.58     1506.18     4392.91
   1.455   0.329   1.261   1.953    -4048.49     -359.29     1536.38     4345.09
   1.465   0.330   1.257   1.958    -3987.58     -350.14     1565.98     4298.34
   1.474   0.330   1.253   1.963    -3927.41     -341.11     1594.99     4252.64
   1.483   0.331   1.250   1.967    -3867.95     -332.21     1623.44     4207.96
   1.492   0.332   1.246   1.972    -3809.18     -323.43     1651.34     4164.30
   1.501   0.333   1.242   1.976    -3751.10     -314.77     1678.70     4121.63
   1.510   0.334   1.237   1.981    -3693.68     -306.22     1705.55     4079.95
   1.519   0.334   1.233   1.985    -3636.91     -297.79     1731.90     4039.22
   1.528   0.335   1.229   1.990    -3580.79     -289.47     1757.76     3999.44
   1.537   0.336   1.224   1.994    -3525.28     -281.25     1783.16     3960.60
   1.546   0.336   1.220   1.998    -3470.39     -273.13     1808.09     3922.68
   1.555   0.337   1.215   2.002    -3416.09     -265.12     1832.60     3885.66
   1.564   0.338   1.210   2.006    -3362.37     -257.21     1856.67     3849.53
   1.572   0.338   1.206   2.010    -3309.21     -249.39     1880.33     3814.28
   1.581   0.339   1.201   2.014    -3256.62     -241.67     1903.59     3779.89
   1.590   0.340   1.195   2.018    -3204.56     -234.03     1926.46     3746.36
   1.598   0.340   1.190   2.022    -3153.03     -226.49     1948.96     3713.67
   1.607   0.341   1.185   2.025    -3102.01     -219.03     1971.11     3681.80
   1.615   0.342   1.180   2.029    -3051.49     -211.65     1992.90     3650.76
   1.623   0.342   1.174   2.032    -3001.47     -204.35     2014.35     3620.52
   1.632   0.343   1.168   2.036    -2951.92     -197.14     2035.49     3591.08
   1.640   0.343   1.163   2.039    -2902.83     -189.99     2056.31     3562.43
   1.648   0.344   1.157   2.043    -2854.20     -182.93     2076.82     3534.55
   1.656   0.344   1.151   2.046    -2806.00     -175.93     2097.05     3507.45
   1.664   0.345   1.145   2.049    -2758.24     -169.01     2116.99     3481.11
   1.672   0.345   1.139   2.052    -2710.89     -162.15     2136.66     3455.51
   1.680   0.346   1.133   2.055    -2663.95     -155.36     2156.08     3430.66
   1.687   0.346   1.126   2.058    -2617.39     -148.63     2175.24     3406.54
   1.695   0.347   1.120   2.061    -2571.23     -141.96     2194.16     3383.15
   1.703   0.347   1.113   2.064    -2525.42     -135.35     2212.85     3360.47
   1.710   0.347   1.107   2.066    -2479.99     -128.80     2231.32     3338.52
   1.717   0.348   1.100   2.069    -2434.89     -122.31     2249.57     3317.26
   1.725   0.348   1.093   2.071    -2390.14     -115.86     2267.62     3296.71
   1.732   0.348   1.086   2.074    -2345.71     -109.47     2285.48     3276.85
   1.739   0.349   1.079   2.076    -2301.59     -103.13     2303.14     3257.67
   1.746   0.349   1.072   2.078    -2257.78      -96.84     2320.63     3239.18
   1.753   0.349   1.065   2.081    -2214.27      -90.59     2337.95     3221.36
   1.760   0.350   1.058   2.083    -2171.03      -84.39     2355.10     3204.21
   1.767   0.350   1.050   2.085    -2128.07      -78.23     2372.10     3187.73
   1.773   0.350   1.043   2.087    -2085.37      -72.11     2388.95     3171.91
   1.780   0.350   1.035   2.088    -2042.92      -66.03     2405.65     3156.75
   1.786   0.351   1.027   2.090    -2000.71      -59.99     2422.23     3142.23
   1.792   0.351   1.020   2.092    -1958.73      -53.98     2438.67     3128.37
   1.799   0.351   1.012   2.093    -1916.97      -48.00     2455.00     3115.15
   1.805   0.351   1.004   2.095    -1875.42      -42.06     2471.22     3102.56
   1.811   0.351   0.996   2.096    -1834.07      -36.15     2487.33     3090.62
   1.817   0.351   0.988   2.097    -1792.91      -30.26     2503.33     3079.31
   1.822   0.351   0.980   2.099    -1751.93      -24.41     2519.25     3068.62
   1.828   0.351   0.971   2.100    -1711.11      -18.57     2535.07     3058.57
   1.834   0.352   0.963   2.101    -1670.46      -12.77     2550.82     3049.14
   1.839   0.352   0.955   2.102    -1629.95       -6.98     2566.49     3040.33
   1.844   0.352   0.946   2.102    -1589.58       -1.22     2582.08     3032.15
   1.849   0.352   0.938   2.103    -1549.33        4.53     2597.62     3024.58
   1.855   0.352   0.929   2.104    -1509.21       10.26     2613.09     3017.62
   1.859   0.351   0.920   2.104    -1469.19       15.97     2628.51     3011.28
   1.864   0.351   0.912   2.105    -1429.26       21.67     2643.88     3005.56
   1.869   0.351   0.903   2.105    -1389.43       27.35     2659.21     3000.44
   1.874   0.351   0.894   2.105    -1349.67       33.03     2674.49     2995.93
   1.878   0.351   0.885   2.105    -1309.98       38.69     2689.75     2992.03
   1.882   0.351   0.876   2.106    -1270.34       44.34     2704.97     2988.74
   1.886   0.351   0.867   2.105    -1230.75       49.99     2720.17     2986.06
   1.891   0.351   0.858   2.105    -1191.19       55.64     2735.34     2983.98
   1.894   0.350   0.848   2.105    -1151.66       61.27     2750.50     2982.51
   1.898   0.350   0.839   2.105    -1112.14       66.91     2765.65     2981.64
   1.902   0.350   0.830   2.104    -1072.63       72.55     2780.79     2981.38
   1.905   0.350   0.820   2.104    -1033.11       78.18     2795.93     2981.72
   1.909   0.349   0.811   2.103     -993.58       83.82     2811.06     2982.67
   1.912   0.349   0.802   2.103     -954.02       89.46     2826.20     2984.22
   1.915   0.349   0.792   2.102     -914.42       95.11     2841.35     2986.38
   1.918   0.349   0.783   2.101     -874.78      100.76     2856.50     2989.15
   1.921   0.348   0.773   2.100     -835.07      106.42     2871.67     2992.52
   1.924   0.348   0.763   2.099     -795.30      112.09     2886.86     2996.50
   1.926   0.347   0.754   2.098     -755.45      117.78     2902.06     3001.09
   1.929   0.347   0.744   2.096     -715.50      123.47     2917.29     3006.29
   1.931   0.347   0.734   2.095     -675.45      129.18     2932.55     3012.11
   1.933   0.346   0.725   2.093     -635.30      134.90     2947.84     3018.53
   1.935   0.346   0.715   2.092     -595.01      140.63     2963.16     3025.58
   1.937   0.345   0.705   2.090     -554.60      146.39     2978.50     3033.23
   1.939   0.345   0.695   2.089     -514.03      152.17     2993.89     3041.51
   1.941   0.344   0.685   2.087     -473.31      157.96     3009.32     3050.41
   1.942   0.344   0.675   2.085     -432.42      163.78     3024.79     3059.93
   1.943   0.343   0.666   2.083     -391.35      169.62     3040.30     3070.08
   1.945   0.343   0.656   2.081     -350.09      175.49     3055.87     3080.86
   1.946   0.342   0.646   2.078     -308.63      181.38     3071.47     3092.26
   1.947   0.341   0.636   2.076     -266.95      187.31     3087.13     3104.31
   1.947   0.341   0.626   2.074     -225.04      193.26     3102.85     3116.99
   1.948   0.340   0.616   2.071     -182.90      199.24     3118.61     3130.32
   1.949   0.340   0.606   2.069     -140.51      205.25     3134.43     3144.28
   1.949   0.339   0.596   2.066      -97.85      211.30     3150.31     3158.90
   1.949   0.338   0.586   2.063      -54.92      217.39     3166.24     3174.17
   1.949   0.338   0.576   2.061      -11.70      223.51     3182.24     3190.10
   1.949   0.337   0.566   2.058       31.82      229.67     3198.30     3206.69
   1.949   0.336   0.556   2.055       75.66      235.87     3214.42     3223.95
   1.949   0.335   0.546   2.052      119.82      242.11     3230.60     3241.88
   1.948   0.335   0.536   2.048      164.31      248.39     3246.85     3260.48
   1.948   0.334   0.526   2.045      209.16      254.72     3263.17     3279.77
   1.947   0.333   0.516   2.042      254.38      261.09     3279.55     3299.74
   1.946   0.332   0.506   2.038      299.97      267.51     3295.99     3320.41
   1.945   0.331   0.496   2.035      345.95      273.98     3312.51     3341.78
   1.944   0.331   0.486   2.031      392.35      280.50     3329.09     3363.85
   1.943   0.330   0.477   2.028      439.16      287.07     3345.75     3386.63
   1.942   0.329   0.467   2.024      486.40      293.70     3362.47     3410.14
   1.940   0.328   0.457   2.020      534.10      300.38     3379.26     3434.37
   1.939   0.327   0.447   2.016      582.25      307.12     3396.12     3459.33
   1.937   0.326   0.437   2.012      630.89      313.92     3413.05     3485.03
   1.935   0.325   0.427   2.008      680.01      320.77     3430.05     3511.49
   1.933   0.324   0.418   2.004      729.65      327.69     3447.11     3538.69
   1.931   0.324   0.408   2.000      779.81      334.68     3464.25     3566.67
   1.929   0.323   0.398   1.995      830.51      341.72     3481.46     3595.42
   1.926   0.322   0.389   1.991      881.76      348.84     3498.73     3624.95
   1.924   0.321   0.379   1.987      933.58      356.02     3516.06     3655.27
   1.921   0.320   0.369   1.982      985.99      363.27     3533.47     3686.41
   1.918   0.319   0.360   1.978     1039.01      370.60     3550.95     3718.35
   1.915   0.318   0.350   1.973     1092.65      378.00     3568.48     3751.11
   1.913   0.317   0.341   1.968     1146.92      385.47     3586.08     3784.71
   1.909   0.316   0.331   1.963     1201.85      393.02     3603.75     3819.15
   1.906   0.315   0.322   1.959     1257.46      400.65     3621.47     3854.45
   1.903   0.314   0.313   1.954     1313.75      408.36     3639.26     3890.62
   1.899   0.313   0.303   1.949     1370.76      416.15     3657.10     3927.66
   1.896   0.311   0.294   1.944     1428.49      424.03     3675.00     3965.60
   1.892   0.310   0.285   1.939     1486.97      432.00     3692.95     4004.45
   1.888   0.309   0.275   1.933     1546.22      440.05     3710.96     4044.22
   1.885   0.308   0.266   1.928     1606.26      448.20     3729.02     4084.92
   1.881   0.307   0.257   1.923     1667.10      456.43     3747.13     4126.56
   1.877   0.306   0.248   1.917     1728.77      464.76     3765.28     4169.17
   1.872   0.305   0.239   1.912     1791.29      473.19     3783.47     4212.76
   1.868   0.304   0.230   1.907     1854.68      481.71     3801.71     4257.33
   1.864   0.303   0.221   1.901     1918.96      490.34     3819.98     4302.92
   1.859   0.301   0.212   1.895     1984.15      499.07     3838.29     4349.53
   1.855   0.300   0.204   1.890     2050.28      507.90     3856.64     4397.19
   1.850   0.299   0.195   1.884     2117.37      516.84     3875.00     4445.90
   1.845   0.298   0.186   1.878     2185.44      525.89     3893.40     4495.69
   1.840   0.297   0.178   1.872     2254.52      535.05     3911.81     4546.58
   1.835   0.296   0.169   1.866     2324.62      544.32     3930.24     4598.58
   1.830   0.294   0.160   1.860     2395.78      553.71     3948.68     4651.72
   1.825   0.293   0.152   1.854     2468.03      563.22     3967.13     4706.01
   1.819   0.292   0.144   1.848     2541.38      572.84     3985.59     4761.48
   1.814   0.291   0.135   1.842     2615.86      582.59     4004.04     4818.14
   1.809   0.290   0.127   1.836     2691.50      592.47     4022.49     4876.02
   1.803   0.288   0.119   1.830     2768.33      602.47     4040.92     4935.14
   1.797   0.287   0.111   1.824     2846.37      612.60     4059.34     4995.53
   1.792   0.286   0.103   1.817     2925.66      622.87     4077.73     5057.21
   1.786   0.285   0.094   1.811     3006.22      633.26     4096.10     5120.20
   1.780   0.283   0.087   1.804     3088.09      643.80     4114.43     5184.52
   1.774   0.282   0.079   1.798     3171.28      654.48     4132.71     5250.21
   1.768   0.281   0.071   1.791     3255.85      665.29     4150.95     5317.28
   1.762   0.280   0.063   1.785     3341.81      676.26     4169.13     5385.78
   1.755   0.278   0.055   1.778     3429.19      687.37     4187.24     5455.72
   1.749   0.277   0.048   1.772     3518.04      698.63     4205.29     5527.13
   1.743   0.276   0.040   1.765     3608.39      710.05     4223.25     5600.04
   1.736   0.275   0.033   1.758     3700.26      721.62     4241.12     5674.49
   1.730   0.273   0.025   1.751     3793.71      733.35     4258.90     5750.50
   1.723   0.272   0.018   1.744     3888.75      745.24     4276.57     5828.10
   1.716   0.271   0.010   1.738     3985.44      757.29     4294.11     5907.34
   1.710   0.270   0.003   1.731     4083.80      769.52     4311.54     5988.23
   1.703   0.268  -0.004   1.724     4183.87      781.91     4328.82     6070.82
   1.696   0.267  -0.011   1.717     4285.70      794.48     4345.95     6155.14
   1.689   0.266  -0.018   1.710     4389.33      807.22     4362.93     6241.23
   1.682   0.264  -0.025   1.703     4494.79      820.14     4379.73     6329.12
   1.675   0.263  -0.032   1.695     4602.13      833.24     4396.34     6418.86
   1.667   0.262  -0.039   1.688     4711.39      846.53     4412.75     6510.47
   1.660   0.261  -0.045   1.681     4822.62      860.01     4428.96     6604.01
   1.653   0.259  -0.052   1.674     4935.86      873.68     4444.93     6699.51
   1.645   0.258  -0.059   1.666     5051.15      887.54     4460.67     6797.01
   1.638   0.257  -0.065   1.659     5168.54      901.60     4476.15     6896.56
   1.630   0.255  -0.072   1.652     5288.08      915.87     4491.35     6998.21
   1.623   0.254  -0.078   1.644     5409.83      930.33     4506.27     7101.99
   1.615   0.253  -0.084   1.637     5533.82      945.01     4520.88     7207.95
   1.607   0.251  -0.091   1.629     5660.11      959.89     4535.17     7316.14
   1.600   0.250  -0.097   1.622     5788.74      974.99     4549.11     7426.61
   1.592   0.249  -0.103   1.614     5919.79      990.30     4562.70     7539.42
   1.584   0.247  -0.109   1.607     6053.30     1005.84     4575.89     7654.60
   1.576   0.246  -0.115   1.599     6189.31     1021.59     4588.69     7772.21
   1.568   0.245  -0.121   1.592     6327.90     1037.58     4601.07     7892.32
   1.560   0.243  -0.127   1.584     6469.11     1053.79     4613.00     8014.96
   1.552   0.242  -0.132   1.576     6613.02     1070.24     4624.45     8140.21
   1.544   0.241  -0.138   1.568     6759.66     1086.93     4635.41     8268.10
   1.536   0.240  -0.143   1.561     6909.11     1103.85     4645.85     8398.71
   1.527   0.238  -0.149   1.553     7061.44     1121.02     4655.76     8532.09
   1.519   0.237  -0.154   1.545     7216.69     1138.43     4665.08     8668.31
   1.511   0.236  -0.160   1.537     7374.94     1156.09     4673.80     8807.42
   1.502   0.234  -0.165   1.529     7536.25     1174.00     4681.89     8949.49
   1.494   0.233  -0.170   1.521     7700.69     1192.17     4689.33     9094.60
   1.485   0.232  -0.175   1.513     7868.32     1210.59     4696.07     9242.79
   1.477   0.230  -0.180   1.505     8039.23     1229.27     4702.09     9394.14
   1.468   0.229  -0.185   1.497     8213.46     1248.22     4707.35     9548.72
   1.460   0.228  -0.190   1.489     8391.11     1267.43     4711.81     9706.61
   1.451   0.226  -0.195   1.481     8572.23     1286.91     4715.46     9867.87
   1.442   0.225  -0.200   1.473     8756.91     1306.66     4718.23    10032.57
   1.433   0.224  -0.204   1.465     8945.21     1326.69     4720.10    10200.80
   1.425   0.223  -0.209   1.457     9137.21     1346.98     4721.02    10372.61
   1.416   0.221  -0.214   1.449     9332.99     1367.56     4720.97    10548.10
   1.407   0.220  -0.218   1.441     9532.62     1388.41     4719.88    10727.34
   1.398   0.219  -0.222   1.432     9736.19     1409.54     4717.73    10910.42
   1.389   0.217  -0.227   1.424     9943.76     1430.95     4714.45    11097.39
   1.380   0.216  -0.231   1.416    10155.43     1452.65     4710.01    11288.36
   1.371   0.215  -0.235   1.408    10371.26     1474.62     4704.37    11483.41
   1.362   0.213  -0.239   1.399    10591.35     1496.88     4697.46    11682.61
   1.353   0.212  -0.243   1.391    10815.76     1519.42     4689.24    11886.05
   1.344   0.211  -0.247   1.383    11044.58     1542.24     4679.65    12093.82
   1.335   0.210  -0.251   1.374    11277.88     1565.34     4668.65    12305.99
   1.326   0.208  -0.254   1.366    11515.76     1588.73     4656.17    12522.65
   1.316   0.207  -0.258   1.357    11758.28     1612.39     4642.16    12743.89
   1.307   0.206  -0.262   1.349    12005.52     1636.33     4626.57    12969.78
   1.298   0.205  -0.265   1.340    12257.57     1660.54     4609.32    13200.43
   1.288   0.203  -0.269   1.332    12514.50     1685.02     4590.37    13435.90
   1.279   0.202  -0.272   1.323    12776.37     1709.76     4569.65    13676.28
   1.270   0.201  -0.275   1.315    13043.28     1734.77     4547.09    13921.66
   1.260   0.200  -0.279   1.306    13315.27     1760.03     4522.64    14172.10
   1.251   0.198  -0.282   1.298    13592.43     1785.54     4496.23    14427.70
   1.242   0.197  -0.285   1.289    13874.82     1811.29     4467.79    14688.52
   1.232   0.196  -0.288   1.280    14162.49     1837.27     4437.26    14954.63
   1.223   0.195  -0.291   1.272    14455.50     1863.48     4404.56    15226.11
   1.213   0.193  -0.294   1.263    14753.92     1889.90     4369.65    15503.02
   1.204   0.192  -0.296   1.254    15057.76     1916.52     4332.44    15785.41
   1.194   0.191  -0.299   1.246    15367.08     1943.32     4292.88    16073.35
   1.184   0.190  -0.302   1.237    15681.91     1970.29     4250.90    16366.87
   1.175   0.189  -0.304   1.228    16002.28     1997.43     4206.44    16666.04
   1.165   0.187  -0.307   1.219    16328.18     2024.69     4159.44    16970.85
   1.156   0.186  -0.309   1.211    16659.64     2052.07     4109.84    17281.36
   1.146   0.185  -0.312   1.202    16996.64     2079.55     4057.58    17597.56
   1.136   0.184  -0.314   1.193    17339.16     2107.09     4002.62    17919.46
   1.127   0.183  -0.316   1.184    17687.16     2134.67     3944.91    18247.05
   1.117   0.182  -0.318   1.175    18040.60     2162.26     3884.42    18580.30
   1.107   0.180  -0.320   1.167    18399.42     2189.83     3821.10    18919.17
   1.098   0.179  -0.322   1.158    18763.51     2217.34     3754.95    19263.58
   1.088   0.178  -0.324   1.149    19132.79     2244.76     3685.93    19613.48
   1.078   0.177  -0.326   1.140    19507.09     2272.02     3614.06    19968.73
   1.068   0.176  -0.328   1.131    19886.28     2299.10     3539.35    20329.22
   1.058   0.175  -0.329   1.122    20270.16     2325.94     3461.83    20694.77
   1.049   0.174  -0.331   1.113    20658.52     2352.47     3381.54    21065.22
   1.039   0.172  -0.333   1.104    21051.10     2378.64     3298.56    21440.32
   1.029   0.171  -0.334   1.095    21447.64     2404.37     3212.99    21819.84
   1.019   0.170  -0.336   1.086    21847.77     2429.59     3124.93    22203.45
   1.009   0.169  -0.337   1.077    22251.16     2454.23     3034.55    22590.83
   0.999   0.168  -0.338   1.068    22657.36     2478.17     2942.04    22981.58
   0.990   0.167  -0.340   1.059    23065.90     2501.34     2847.66    23375.24
   0.980   0.166  -0.341   1.050    23476.26     2523.60     2751.66    23771.30
   0.970   0.165  -0.342   1.041    23887.84     2544.84     2654.40    24169.22
   0.960   0.164  -0.343   1.032    24300.01     2564.93     2556.29    24568.35
   0.950   0.163  -0.344   1.023    24712.03     2583.72     2457.81    24967.99
   0.940   0.162  -0.345   1.014    25123.11     2601.03     2359.51    25367.36
   0.930   0.161  -0.346   1.005    25532.38     2616.70     2262.06    25765.61
   0.924   0.160  -0.346   1.000    25775.14     2625.22     2204.75    26002.13
